1.120760240026831
0.005445870942793154
0.6746344923932159
0.005445870942793154
0.0
1.1207470089697649
0.0021677891856281715
0.674615994567487
0.0
0.0
0.8949676630964913
0.001080617801372242
0.0
0.0
0.0
0.8949670107068539
1.7345861357972396
0.5680614771241204
0.5815733457573997
0.595085214390679
0.0
1.3044999887725421
0.5020944072750315
1.2328433042853226
0.0
0.0
1.5551407370999186
0.04317109932643291
0.0
0.0
0.0
0.49221061891774986
1.7345861357972396
0.5680614771241204
0.5815733457573996
0.5950852143906791
0.0
1.3044999887725421
0.5020944072750315
1.2328433042853226
0.0
0.0
1.5551407370999188
0.04317109932643305
0.0
0.0
0.0
0.4922106189177501
1.4490871318264475
0.5864750966036347
1.1040423177373224
0.5864750966036347
0.0
1.3251039493899177
0.152712691535385
0.9477750611693353
0.0
0.0
0.9260793217182962
0.06222243469091071
0.0
0.0
0.0
0.9239866225954548
1.7345861357972396
0.5680614771241204
0.5815733457573996
0.5950852143906791
0.0
1.3044999887725421
0.5020944072750315
1.2328433042853226
0.0
0.0
1.5551407370999188
0.04317109932643305
0.0
0.0
0.0
0.4922106189177501
1.7345861357972396
0.5680614771241203
0.5815733457573997
0.5950852143906792
0.0
1.3044999887725421
0.5020944072750314
1.2328433042853226
0.0
0.0
1.5551407370999186
0.04317109932643322
0.0
0.0
0.0
0.4922106189177496
2.622394540300906
1.3860483497585874
1.0970710473908647
1.5707554914781625
0.0
1.5819918132315023
1.33639889442752
1.686835573890513
0.0
0.0
1.9716557095369398
0.07183052094529663
0.0
0.0
0.0
0.27337050665605317
2.622394540300906
1.3860483497585874
1.0970710473908647
1.570755491478163
0.0
1.5819918132315027
1.3363988944275196
1.6868355738905116
0.0
0.0
1.9716557095369402
0.07183052094529811
0.0
0.0
0.0
0.2733705066560586
2.622394540300906
1.3860483497585874
1.0970710473908647
1.570755491478163
0.0
1.5819918132315027
1.3363988944275196
1.6868355738905116
0.0
0.0
1.9716557095369402
0.07183052094529811
0.0
0.0
0.0
0.2733705066560586
2.622394540300906
1.3860483497585874
1.0970710473908647
1.5707554914781625
0.0
1.5819918132315023
1.33639889442752
1.686835573890513
0.0
0.0
1.9716557095369398
0.07183052094529663
0.0
0.0
0.0
0.27337050665605317
2.332263519630662
0.9957132225640419
0.6171914592343974
1.0962057261028855
0.0
1.4982934637150132
1.1397766656155799
1.5462235169368628
0.0
0.0
1.9389267598768005
0.060715201466530026
0.0
0.0
0.0
0.3300267126181217
2.332263519630662
0.995713222564042
0.6171914592343974
1.0962057261028855
0.0
1.4982934637150132
1.13977666561558
1.5462235169368623
0.0
0.0
1.9389267598768003
0.060715201466530117
0.0
0.0
0.0
0.3300267126181238
2.332263519630662
0.995713222564042
0.6171914592343974
1.0962057261028855
0.0
1.4982934637150132
1.13977666561558
1.5462235169368623
0.0
0.0
1.9389267598768003
0.060715201466530117
0.0
0.0
0.0
0.3300267126181238
2.332263519630662
0.9957132225640419
0.6171914592343974
1.0962057261028855
0.0
1.4982934637150132
1.1397766656155799
1.5462235169368628
0.0
0.0
1.9389267598768005
0.060715201466530026
0.0
0.0
0.0
0.3300267126181217
3.0519588996249607
1.948671597684631
1.7413252601970046
2.189295742423357
0.0
1.6775002621094364
1.5225002378906813
1.7985002810156905
0.0
0.0
1.9910380430375139
0.06586892773958684
0.0
0.0
0.0
0.21936339884283665
3.0519588996249607
1.948671597684631
1.7413252601970048
2.189295742423357
0.0
1.6775002621094364
1.5225002378906811
1.7985002810156911
0.0
0.0
1.9910380430375139
0.06586892773958632
0.0
0.0
0.0
0.21936339884283135
3.0519588996249607
1.948671597684631
1.7413252601970048
2.189295742423357
0.0
1.6775002621094364
1.5225002378906811
1.7985002810156911
0.0
0.0
1.9910380430375139
0.06586892773958632
0.0
0.0
0.0
0.21936339884283135
3.0519588996249607
1.948671597684631
1.7413252601970046
2.189295742423357
0.0
1.6775002621094364
1.5225002378906813
1.7985002810156905
0.0
0.0
1.9910380430375139
0.06586892773958684
0.0
0.0
0.0
0.21936339884283665
3.302756897653836
2.264325185517733
2.09164747484362
2.5245244755746152
0.0
1.718403206244122
1.5958685124202627
1.8392707613764998
0.0
0.0
1.996601526856533
0.061224578336316886
0.0
0.0
0.0
0.19732945694386234
3.302756897653836
2.264325185517733
2.09164747484362
2.5245244755746152
0.0
1.718403206244122
1.5958685124202627
1.8392707613764998
0.0
0.0
1.996601526856533
0.061224578336316886
0.0
0.0
0.0
0.19732945694386234
3.302756897653836
2.264325185517733
2.09164747484362
2.5245244755746152
0.0
1.718403206244122
1.5958685124202627
1.8392707613764998
0.0
0.0
1.996601526856533
0.061224578336316886
0.0
0.0
0.0
0.19732945694386234
3.302756897653836
2.264325185517733
2.09164747484362
2.5245244755746152
0.0
1.718403206244122
1.5958685124202627
1.8392707613764998
0.0
0.0
1.996601526856533
0.061224578336316886
0.0
0.0
0.0
0.19732945694386234
2.8232433697788086
1.6527146313162395
1.406433170977779
1.8685568100398338
0.0
1.6312916576851695
1.4354164899483872
1.7478554078107391
0.0
0.0
1.982984710217818
0.06983910182108491
0.0
0.0
0.0
0.24484187937798021
2.8232433697788086
1.6527146313162395
1.4064331709777793
1.8685568100398338
0.0
1.6312916576851695
1.435416489948387
1.7478554078107396
0.0
0.0
1.982984710217818
0.06983910182108456
0.0
0.0
0.0
0.24484187937797713
2.8232433697788086
1.6527146313162395
1.4064331709777793
1.8685568100398338
0.0
1.6312916576851695
1.435416489948387
1.7478554078107396
0.0
0.0
1.982984710217818
0.06983910182108456
0.0
0.0
0.0
0.24484187937797713
2.8232433697788086
1.6527146313162395
1.406433170977779
1.8685568100398338
0.0
1.6312916576851695
1.4354164899483872
1.7478554078107391
0.0
0.0
1.982984710217818
0.06983910182108491
0.0
0.0
0.0
0.24484187937798021
2.4562579516410725
1.1617328803326665
0.8277644958427827
1.308042839252044
0.0
1.5347491129673168
1.232692937902831
1.6174348815603883
0.0
0.0
1.9566494794077525
0.0696796483189436
0.0
0.0
0.0
0.30315211726677843
2.4562579516410725
1.1617328803326665
0.8277644958427829
1.3080428392520442
0.0
1.5347491129673168
1.2326929379028309
1.6174348815603883
0.0
0.0
1.9566494794077525
0.06967964831894356
0.0
0.0
0.0
0.3031521172667806
2.4562579516410725
1.1617328803326665
0.8277644958427829
1.3080428392520442
0.0
1.5347491129673168
1.2326929379028309
1.6174348815603883
0.0
0.0
1.9566494794077525
0.06967964831894356
0.0
0.0
0.0
0.3031521172667806
2.4562579516410725
1.1617328803326665
0.8277644958427827
1.3080428392520445
0.0
1.5347491129673168
1.232692937902831
1.6174348815603878
0.0
0.0
1.9566494794077525
0.06967964831894365
0.0
0.0
0.0
0.30315211726677926
